0  0.47000000000000014 0.62 0.31000000000000005 0.62 0.31000000000000005 0.72 0.47000000000000014 0.72
0  0.5400000000000001 0.66 0.43000000000000016 0.66 0.43000000000000016 0.81 0.5400000000000001 0.81
0  0.69 0.67 0.5300000000000001 0.67 0.5300000000000001 0.78 0.69 0.78
0  0.72 0.5600000000000002 0.61 0.5600000000000002 0.6100000000000001 0.7 0.72 0.7
0 0.9 0.5000000000000001 0.74 0.5000000000000001 0.74 0.6200000000000001 0.9 0.6200000000000001
0  0.20000000000000007 0.49 0.06000000000000005 0.49 0.06000000000000006 0.61 0.20000000000000007 0.61
0  0.22000000000000008 0.35 0.09000000000000004 0.35 0.09000000000000005 0.47 0.22000000000000008 0.47
0  0.33 0.31000000000000005 0.23000000000000007 0.31 0.23000000000000007 0.44 0.33 0.44
0 0.48 0.20000000000000007 0.35 0.20000000000000007 0.35 0.32 0.48 0.32
0  0.65 0.22000000000000008 0.51 0.22000000000000008 0.51 0.2900000000000001 0.65 0.2900000000000001
0 0.43 0.30000000000000004 0.32 0.30000000000000004 0.32 0.43 0.43 0.43
0  0.54 0.41 0.38 0.41 0.38 0.5 0.54 0.5
0  0.7 0.3300000000000001 0.62 0.3300000000000001 0.62 0.47000000000000014 0.7 0.47000000000000014
0 0.81 0.3200000000000001 0.71 0.3200000000000001 0.71 0.4500000000000001 0.81 0.4500000000000001
0  0.86 0.36000000000000015 0.78 0.36000000000000015 0.78 0.5000000000000001 0.86 0.5000000000000001
0 0.93 0.3800000000000001 0.84 0.3800000000000001 0.84 0.5200000000000001 0.93 0.5200000000000001
0  0.8 0.24000000000000007 0.66 0.24000000000000007 0.66 0.3200000000000001 0.8 0.3200000000000001
0  0.61 0.30000000000000004 0.48 0.30000000000000004 0.48 0.43000000000000005 0.61 0.43000000000000016