0 0.19 0.07 0.07 0.07 0.07000000000000002 0.28 0.19 0.28
0 0.32 0.08000000000000003 0.2 0.08000000000000003 0.2 0.28 0.32 0.2800000000000001
0 0.43 0.07000000000000005 0.32 0.07000000000000003 0.32 0.2800000000000001 0.43 0.2800000000000001
0 0.56 0.07000000000000006 0.44 0.07000000000000005 0.44 0.2700000000000001 0.56 0.2700000000000001
0 0.68 0.07000000000000008 0.57 0.07000000000000008 0.57 0.2700000000000001 0.68 0.2700000000000001
0 0.8 0.0700000000000001 0.69 0.07000000000000009 0.69 0.2700000000000001 0.8 0.2700000000000001
0 0.92 0.0700000000000001 0.81 0.0700000000000001 0.81 0.2800000000000001 0.92 0.28000000000000014
0 0.19000000000000003 0.29 0.07000000000000003 0.29 0.07000000000000005 0.49 0.19000000000000006 0.49
0 0.31000000000000005 0.29000000000000004 0.2 0.29 0.20000000000000004 0.5 0.31000000000000005 0.5
0 0.43 0.2900000000000001 0.32 0.2900000000000001 0.32 0.51 0.43 0.51
0  0.56 0.2900000000000001 0.44 0.2900000000000001 0.44 0.5 0.56 0.5
0  0.68 0.2900000000000001 0.57 0.2900000000000001 0.57 0.5000000000000001 0.68 0.5000000000000001
0  0.8 0.2900000000000001 0.69 0.2900000000000001 0.69 0.5000000000000001 0.8 0.5000000000000001
0  0.92 0.2900000000000001 0.81 0.2900000000000001 0.81 0.5000000000000001 0.92 0.5000000000000001
0  0.19000000000000006 0.51 0.08000000000000007 0.51 0.08000000000000007 0.72 0.19000000000000006 0.72
0  0.32000000000000006 0.51 0.20000000000000007 0.51 0.20000000000000007 0.72 0.3200000000000001 0.72
0  0.43000000000000005 0.52 0.32 0.52 0.32000000000000006 0.72 0.43000000000000016 0.72
0  0.55 0.51 0.44 0.51 0.44000000000000006 0.72 0.5500000000000002 0.72
0  0.67 0.5100000000000001 0.57 0.51 0.5700000000000001 0.72 0.67 0.72
0  0.8 0.5200000000000001 0.69 0.5200000000000001 0.69 0.72 0.8 0.72
0  0.92 0.5100000000000001 0.81 0.5100000000000001 0.81 0.72 0.92 0.72
0  0.1900000000000001 0.73 0.07000000000000009 0.73 0.0700000000000001 0.94 0.19000000000000014 0.94
0  0.3100000000000001 0.73 0.19000000000000006 0.73 0.1900000000000001 0.94 0.31000000000000016 0.94
0  0.43000000000000016 0.73 0.3200000000000001 0.73 0.3200000000000001 0.94 0.43000000000000016 0.94
0  0.5500000000000002 0.73 0.4500000000000001 0.73 0.4500000000000001 0.94 0.5500000000000002 0.94
0  0.67 0.73 0.5700000000000002 0.73 0.5700000000000002 0.94 0.67 0.94
0  0.8 0.73 0.69 0.73 0.69 0.94 0.8 0.94
0  0.93 0.73 0.81 0.73 0.81 0.93 0.93 0.93