0 0.96 0.75 0.84 0.75 0.84 0.97 0.96 0.97
0 0.1700000000000001 0.75 0.050000000000000086 0.75 0.05000000000000011 0.98 0.17000000000000015 0.98
0 0.82 0.75 0.71 0.75 0.71 0.98 0.82 0.98
0 0.69 0.75 0.5800000000000002 0.75 0.5800000000000002 0.98 0.69 0.98
0 0.44000000000000017 0.76 0.3200000000000001 0.76 0.3200000000000001 0.99 0.44000000000000017 0.99
0 0.5700000000000002 0.76 0.4500000000000001 0.76 0.4500000000000001 0.99 0.5700000000000002 0.99
0 0.3000000000000001 0.76 0.18000000000000008 0.76 0.1800000000000001 0.98 0.30000000000000016 0.98
0 0.56 0.020000000000000063 0.45 0.020000000000000052 0.45 0.25000000000000006 0.56 0.25000000000000006
0 0.3 0.020000000000000028 0.18 0.020000000000000018 0.18 0.25000000000000006 0.3 0.25000000000000006
0 0.43 0.020000000000000046 0.32 0.020000000000000035 0.32 0.25000000000000006 0.43 0.25000000000000006
0 0.83 0.030000000000000093 0.71 0.03000000000000009 0.71 0.26000000000000006 0.83 0.26000000000000006
0 0.17 0.030000000000000013 0.05 0.03000000000000001 0.05000000000000002 0.25 0.17 0.25
0 0.69 0.03000000000000008 0.58 0.030000000000000072 0.58 0.26000000000000006 0.69 0.26000000000000006
0 0.69 0.26000000000000006 0.58 0.26000000000000006 0.58 0.49000000000000005 0.69 0.49000000000000016
0 0.17000000000000004 0.27 0.05000000000000004 0.27 0.050000000000000044 0.5 0.17000000000000007 0.5
0 0.43 0.2700000000000001 0.32 0.2700000000000001 0.32 0.5 0.43 0.5
0 0.95 0.2600000000000001 0.84 0.26000000000000006 0.84 0.5000000000000001 0.95 0.5000000000000001
0 0.56 0.2700000000000001 0.44 0.2700000000000001 0.44 0.5 0.56 0.5
0 0.82 0.2700000000000001 0.71 0.2700000000000001 0.71 0.5000000000000001 0.82 0.5000000000000001
0 0.30000000000000004 0.27 0.18 0.27 0.18000000000000005 0.5 0.30000000000000004 0.5
0 0.83 0.5100000000000001 0.71 0.5100000000000001 0.71 0.74 0.83 0.74
0 0.97 0.5100000000000001 0.84 0.5100000000000001 0.84 0.74 0.97 0.74
0 0.56 0.51 0.45 0.51 0.45000000000000007 0.74 0.5600000000000002 0.74
0 0.7 0.5100000000000001 0.58 0.51 0.5800000000000001 0.74 0.7 0.74
0 0.43000000000000005 0.51 0.31000000000000005 0.51 0.31000000000000005 0.74 0.43000000000000016 0.74
0 0.30000000000000004 0.51 0.18000000000000008 0.51 0.18000000000000008 0.75 0.30000000000000004 0.75
0 0.15884615000000007 0.51384615 0.051923080000000066 0.51384615 0.05192308000000008 0.73384615 0.1588461500000001 0.73384615