0 0.21000000000000005 0.26 0.040000000000000036 0.26 0.04000000000000004 0.4 0.21000000000000008 0.4
0 0.29000000000000004 0.21 0.12000000000000004 0.21 0.12000000000000004 0.35 0.2900000000000001 0.35
0 0.36 0.18000000000000005 0.19 0.18 0.19000000000000003 0.31000000000000005 0.36 0.31000000000000005
0 0.43 0.14000000000000004 0.27 0.14000000000000004 0.27 0.27 0.43 0.2700000000000001
0 0.5 0.11000000000000006 0.34 0.11000000000000004 0.34 0.24000000000000007 0.5 0.24000000000000007
0 0.57 0.08000000000000006 0.42 0.08000000000000003 0.42 0.19000000000000006 0.57 0.19000000000000006
0 0.30000000000000004 0.35 0.13000000000000003 0.35 0.13000000000000006 0.51 0.30000000000000004 0.51
0 0.39 0.31000000000000005 0.22000000000000008 0.31 0.22000000000000008 0.46 0.39 0.46
0 0.46 0.28 0.29 0.28 0.29000000000000004 0.41 0.46 0.41
0  0.54 0.24000000000000007 0.36 0.24000000000000007 0.36 0.37 0.54 0.37
0  0.61 0.20000000000000007 0.44 0.20000000000000007 0.44 0.33000000000000007 0.61 0.3300000000000001
0  0.67 0.17000000000000007 0.51 0.17000000000000007 0.51 0.2900000000000001 0.67 0.2900000000000001
0  0.4100000000000001 0.46 0.23000000000000007 0.46 0.23000000000000007 0.63 0.41000000000000014 0.63
0  0.5 0.42 0.31000000000000005 0.42 0.31000000000000005 0.57 0.5 0.57
0  0.57 0.38 0.39 0.38 0.39 0.53 0.57 0.53
0  0.65 0.3400000000000001 0.47 0.34 0.47 0.4800000000000001 0.65 0.48000000000000015
0  0.73 0.30000000000000004 0.55 0.30000000000000004 0.55 0.44000000000000006 0.73 0.44000000000000017
0  0.8 0.26000000000000006 0.62 0.26000000000000006 0.62 0.40000000000000013 0.8 0.40000000000000013
0  0.5400000000000001 0.59 0.34000000000000014 0.59 0.34000000000000014 0.76 0.5400000000000001 0.76
0  0.6200000000000001 0.54 0.43 0.54 0.43000000000000005 0.71 0.6200000000000001 0.71
0  0.7 0.49000000000000005 0.51 0.49 0.5100000000000001 0.65 0.7 0.65
0  0.78 0.4500000000000001 0.59 0.4500000000000001 0.5900000000000001 0.6000000000000001 0.78 0.6000000000000001
0  0.86 0.40000000000000013 0.67 0.40000000000000013 0.67 0.5500000000000002 0.86 0.5500000000000002
0  0.92 0.35000000000000014 0.74 0.35000000000000014 0.74 0.5100000000000001 0.92 0.5100000000000001
0 0.68 0.72 0.46000000000000013 0.72 0.46000000000000013 0.93 0.68 0.93
0  0.77 0.67 0.5600000000000002 0.67 0.5600000000000002 0.87 0.77 0.87
0  0.85 0.6100000000000001 0.64 0.6100000000000001 0.64 0.79 0.85 0.79
0  0.93 0.5600000000000002 0.72 0.5600000000000002 0.72 0.73 0.93 0.73