0 0.3244455423916812 0.5075778125996533 0.26075403459272106 0.5049239997746966 0.25421021975736574 0.6619755558232235 0.31790172755632595 0.6646293686481802
0 0.45058071861388105 0.6046711197610509 0.44462255004010137 0.5245796589690715 0.31833201042978265 0.5339746720807219 0.3242901790035624 0.6140661328727013
0 0.47070132353273386 0.8682624253704841 0.46852069098310173 0.7913961328185805 0.32756586456524345 0.7953949035711438 0.3297464971148756 0.8722611961230475
0 0.6088296835462697 0.863692728197562 0.6076932751439865 0.7861338365860407 0.46930437106204353 0.7881615385053667 0.47044077946432666 0.865720430116888
0 0.749923967242864 0.8506247601414606 0.745391284152723 0.7792359587621643 0.6036593713592975 0.788234931038486 0.6081920544494386 0.8596237324177821
0 0.8844451585495399 0.842477309984527 0.8794824209073059 0.7706130197199337 0.7377050914341546 0.7804037473149777 0.7426678290763885 0.852268037579571
0 0.3244455423916812 0.5075778125996533 0.25919424256499146 0.5048590084402079 0.2526477197573658 0.6619755558232235 0.3178990195840556 0.6646943599826689
0 0.5103956406953656 0.6532462148507023 0.5078250816213248 0.5009425638779096 0.44527257599857756 0.5019983160539442 0.44784313507261836 0.6543019670267369
0 0.6332554494398547 0.6100892762447233 0.6290621491875885 0.5293682508614542 0.5065201406991402 0.5357340698369688 0.5107134409514064 0.6164550952202379
0 0.7551326492578708 0.60697975620482 0.7531408034696304 0.5268079696020505 0.6294593832157329 0.529880800163217 0.6314512290039732 0.6100525867659866
0 0.8756428099543142 0.5265293231813127 0.7509573256314169 0.5237814246357181 0.7491819676657571 0.6043380260246961 0.8738674519886542 0.6070859245702908
0 0.8655049854795016 0.5245093824282486 0.8427153094604105 0.3863901294078815 0.7817348762040623 0.3964519005732023 0.8045245522231533 0.5345711535935694
0 0.43203125 0.21770833000000006 0.321875 0.21770833000000006 0.321875 0.2875000000000001 0.43203125 0.2875000000000001
0 0.333597222551392 0.06550495932456248 0.2813971554822037 0.06153321509103727 0.2733676922964877 0.1670633026747328 0.32556775936567606 0.17103504690825802
0 0.8447687406152992 0.2810377331702493 0.8439260004270746 0.21340804138993782 0.732497139493356 0.21479656729867583 0.7333398796815805 0.28242625907898733
0 0.8096194579788719 0.213478327113096 0.7902063613701702 0.10624385942794251 0.7382194161040263 0.11565526988792717 0.757632512712728 0.22288973757308064
0 0.7892923725206787 0.12174806150165754 0.7885377605147995 0.06232311943364936 0.6858922812758085 0.06362657061571914 0.6866468932816878 0.12305151268372731
0 0.6890625 0.06354167000000008 0.58671875 0.06354167000000008 0.58671875 0.12447917000000007 0.6890625 0.12447917000000007
0 0.5880500947484292 0.06372429188907007 0.48558724797648156 0.06112205285002727 0.48407322865638797 0.12073638008015486 0.5865360754283356 0.12333861911919768
0 0.4855711001898998 0.06470852594306721 0.38235726724029667 0.062356077416589197 0.38098116905267604 0.12273247539541192 0.48419500200227916 0.12508492392188994
0 0.32589880469545135 0.1679999427901038 0.26969593283505394 0.16603021591365877 0.26537618149280434 0.28928711719299194 0.32157905335320175 0.29125684406943697