0 0.4528418441199786 0.1875041088426309 0.35861435835660216 0.08971522457315466 0.1576248839778908 0.28338481163398244 0.25185236974126723 0.3811736959034587
0 0.4842640506339593 0.35506749896963924 0.3918811766036843 0.25327931558785793 0.18488268204650332 0.4411509841037082 0.27726555607677833 0.5429391674854895
0 0.4996889161343107 0.755829565098753 0.47615667549055374 0.43654790096888163 0.37117142519390467 0.4442857025766209 0.3947036658376617 0.7635673667064924
0 0.6957939281747314 0.17617629228069792 0.481564473286748 0.14775521512315978 0.46079405301652515 0.30431634008052233 0.6750235079045085 0.3327374172380605
0 0.5936451476422061 0.6293476312318519 0.5893394637767533 0.3177802461781927 0.4847760991373853 0.3192252523426462 0.489081783002838 0.6307926373963054
0 0.8464422860426858 0.2854808561738026 0.7434324377305882 0.22866725649935596 0.5953234816879024 0.49720650032555347 0.69833333 0.5540201000000001
0 0.743643421146936 0.555595921168997 0.6390580876718166 0.5095819339688387 0.5088505311069023 0.8055310910172234 0.6134358645820215 0.8515450782173818
0 0.8598193679069536 0.5655594684465332 0.7554845367035697 0.5572287857544174 0.7302961424934655 0.8726923504251387 0.8346309736968494 0.8810230331172545
0 1.0866938832521695 0.8344534557803456 0.9950032098971298 0.7367704730742548 0.7949835995396464 0.9245199894160284 0.8866742728946861 1.022202972122119
0 0.98833333 0.4020100500000002 0.78166667 0.4020100500000002 0.78166667 0.5590452300000002 0.98833333 0.5590452300000002
0 1 0.07788945000000011 0.8933333299999999 0.07788945000000011 0.8933333299999999 0.4007537700000002 1 0.4007537700000002
0 0.9229880554016293 0.0012809796223665693 0.8194803895944753 -0.009627634622419824 0.7873222000231066 0.295509119178111 0.8908298658302606 0.3064177334228974
0 0.8188231791234704 0.0034761846555553966 0.6112366378546752 -0.021560021440057576 0.5928674533566471 0.13074721957367516 0.8004539946254422 0.1557834256692881